5.01000000   3.17601610   5.41925121   2.50000000   600.00000000   1200.00000000   
5.01000000   3.36477536   5.67947907   2.55000000   600.00000000   1200.00000000   
5.01000000   3.52147424   5.93255556   2.60000000   600.00000000   1200.00000000   
5.01000000   3.55152174   6.00984300   2.65000000   600.00000000   1200.00000000   
5.01000000   3.54084541   6.02592110   2.70000000   600.00000000   1250.00000000   
5.01000000   3.58840419   6.14793478   2.75000000   650.00000000   1300.00000000   
5.01000000   3.75369968   6.48572061   2.80000000   700.00000000   1350.00000000   
5.01000000   3.94361514   6.86566667   2.90000000   750.00000000   1400.00000000   
10.01000000   4.12710548   7.20229388   3.00000000   800.00000000   1500.00000000   
10.01000000   4.30825765   7.55049678   3.10000000   850.00000000   1600.00000000   
10.01000000   4.38069968   7.72566425   3.20000000   850.00000000   1700.00000000   
90.00000000   4.50000000   7.80000000   3.27000000   900.00000000   1800.00000000   
